
(u'0xba6f1e885c5a9b97e4a0eb81a5146ea49f53d5c4', ((117, 14), 1))
(u'0xaedc8a3afc62a3deee4eb232bfdb28058bf554d8', ((513, 471), 1))
(u'0x679a8cf6e181ebbcd9d14d0bd9595d8cfb79ecdf', ((71, 3), 1))
(u'0x679a8cf6e181ebbcd9d14d0bd9595d8cfb79ecdf', ((71, 3), 1))
(u'0x8444173280e5fdc0525494638123b014cffcc521', ((56, 9), 1))
(u'0x0b7f284d74f549731499c44aed2a10adcc9e9cc0', ((54, 5), 1))
(u'0xd8d0506ed425364ee126819e8b73fc3160c39d49', ((72, 7), 1))
(u'0xee14140f20fb737809ca206c238382b3f802ca6c', ((103, 1), 1))
(u'0x98c29afea6f69b59ad1790ce2e0effc0bd38433f', ((60, 1), 1))
(u'0xaf5bda8f8b954b03474305fd148c8361cad4d2cd', ((56, 11), 1))
(u'0x7e3d7d8e31b3f472fcd3c1552a9f009131c50c6c', ((115, 56), 1))
(u'0x7e3d7d8e31b3f472fcd3c1552a9f009131c50c6c', ((115, 56), 1))
(u'0x37c85a7523b1832b4d0380b2f513e88b66e8c850', ((65, 1), 1))
(u'0xee18e156a020f2b2b2dcdec3a9476e61fbde1e48', ((198, 176), 1))
(u'0xee18e156a020f2b2b2dcdec3a9476e61fbde1e48', ((198, 176), 1))
(u'0xee18e156a020f2b2b2dcdec3a9476e61fbde1e48', ((198, 176), 1))
(u'0x2da8703d18afed53b303119e4ff06cf035a9fadb', ((77, 66), 1))
(u'0x2da8703d18afed53b303119e4ff06cf035a9fadb', ((77, 66), 1))
(u'0x2da8703d18afed53b303119e4ff06cf035a9fadb', ((77, 66), 1))
(u'0x2da8703d18afed53b303119e4ff06cf035a9fadb', ((77, 66), 1))
(u'0x54189eab44661be1b081b4535c050230a787d816', ((55, 14), 1))
(u'0xaa2498d85ba7559006f90110a4bc33c10a06c1af', ((81, 8), 1))
(u'0x3853ba76ec6ae97818e2d0e0839c9eda6c396690', ((139, 10), 1))
(u'0xef57aa4b57587600fc209f345fe0a2687bc26985', ((537, 15), 1))
(u'0xaec2cc8986bb14c0c604d5adf725ba33920102bc', ((157, 69), 1))
(u'0x05fbf1e3f105df6a4553f3c7f2ed93070a4bab46', ((63, 45), 1))
(u'0x545b0fdcbb2b404b26546521d4d183c2538509c2', ((115, 1), 1))
(u'0xcc66ea7ef61a67df02afb18706c68a5f30b22300', ((187, 110), 1))
(u'0x831ee6baf32c7f558d90dd8f16a45e2928c23131', ((71, 1), 1))
(u'0xac82537fae701b2046f62bb718c4857787b0b647', ((63, 1), 1))
(u'0x93574d7c405717d80520944ee1cb72d327b01df5', ((52, 3), 1))
(u'0xf902aa3a62f9e28878129e1a8f1eb71e4fd7a88c', ((88, 8), 1))
(u'0xaea3846e14bec1ba8f562844d39b1215a1d588c6', ((1458, 16), 1))
(u'0x6067a95e7bb071a5b73741628a0a5cb5cc164203', ((80, 7), 1))
(u'0xfddbfa1b0b93612b95e3296690b63b74d019370c', ((54, 4), 1))
(u'0xeba3dbe720092b2c120fa5b6752936477ab4ec6b', ((61, 4), 1))
(u'0x545f5e5c54d8ac72af1c7de8c070387b73841a24', ((112, 76), 1))
(u'0x545f5e5c54d8ac72af1c7de8c070387b73841a24', ((112, 76), 1))
(u'0x05dd62c007cde143b402fa5da3937c40c70b4b14', ((103, 8), 1))
(u'0x44a7ff01f7d38c73530c279e19d31527bdcf8c78', ((90, 7), 1))
(u'0x5208d7f63a089906889a5a9caed81e9c889e64f8', ((232, 110), 1))
(u'0x0ae775637e63fa95855246fd82e96802d05883fc', ((148, 10), 1))
(u'0xe00e1f7117a69c34694ac1815177c93491fc448f', ((228, 58), 1))
(u'0xbfba895e5acc9d103af39e8e95e21e4d692d0f3c', ((51, 1), 1))
(u'0xfe68f28599b19c5d8a562e8cc7f7b07c36e0a99d', ((124, 41), 1))
(u'0x0dea8a35f4e39cdf65d3cc11f10612e9e0278b60', ((92, 12), 1))
(u'0x1f6f1723d0db4e9783b7171392b6fa9ae1062fd9', ((93, 24), 1))
(u'0x1ee6b25a0e3f855a10916766df3a056e924e5dce', ((159, 102), 1))
(u'0x23d56797f64640e96feaf57b7874c897b53ef0e4', ((102, 2), 1))
(u'0x1e071281416b20ac2cd50d2e8093b43f8526940a', ((81, 3), 1))
(u'0x68b0e0db7918c0211ea1fb78292a879839137dd0', ((98, 72), 1))
(u'0x1363077895b20ae90f80794ce4e575559517d033', ((62, 3), 1))
(u'0x5d3f32f4b2e99fb79d2f6a1cbf3aa7390f8fc751', ((57, 3), 1))
(u'0x858457daa7e087ad74cdeeceab8419079bc2ca03', ((111, 109), 1))
(u'0xf33068d5e798f6519349ce32669d1ec940db1193', ((244, 42), 1))
(u'0xe6693620c549d35c52496a1cb0105f2712baf771', ((51, 1), 1))
(u'0xc1dd8ac971129c8c08333924f58ff40a50b8bb9a', ((127, 68), 1))
(u'0xe3224fa0197de258ba065c35380d7dfd2396ec89', ((54, 28), 1))
(u'0x2268751eafc860781074d25f4bd10ded480310b9', ((74, 53), 1))
(u'0x07bc847f898d370ae6991ee9cc3abd16797e5cff', ((51, 1), 1))
(u'0x1e3c07ce10973fcaebc81468af1d3f390d2a4c71', ((165, 15), 1))
(u'0x69f8e87518129498da751f26ea2309db05e7270b', ((360, 29), 1))
(u'0x40949225c4a1745a9946f6aaf763241c082cb9ac', ((454, 22), 1))